main done
solving problems
starting  4d6d58e14b41fe38cd867af72ce08dda547a7c2a
starting  6f32c5c2b1752a95def269b18b91346bc4e507fa
starting  6f32c5c2b1752a95def269b18b91346bc4e507fa
starting  9e720d6f1c7acd685e6b3ca5648e86bc21589a30
finshed  4d6d58e14b41fe38cd867af72ce08dda547a7c2a
Solution {
  id:
   '0,1:3,4:4,8:5,9:8,6:9,7:10,3:16,4:23,1:24,2:25,9:26,5:29,7:30,1:31,2:33,6:36,5:39,7:41,3:44,8:47,6:49,9:50,5:51,7:54,9:55,1:56,4:57,6:64,2:70,3:71,7:72,8:75,5:76,1:77,2:80,4',
  results:
   [ [ 1,
       5,
       2,
       4,
       8,
       9,
       3,
       7,
       6,
       7,
       3,
       9,
       2,
       5,
       6,
       8,
       4,
       1,
       4,
       6,
       8,
       3,
       7,
       1,
       2,
       9,
       5,
       3,
       8,
       7,
       1,
       2,
       4,
       6,
       5,
       9,
       5,
       9,
       1,
       7,
       6,
       3,
       4,
       2,
       8,
       2,
       4,
       6,
       8,
       9,
       5,
       7,
       1,
       3,
       9,
       1,
       4,
       6,
       3,
       7,
       5,
       8,
       2,
       6,
       2,
       5,
       9,
       4,
       8,
       1,
       3,
       7,
       8,
       7,
       3,
       5,
       1,
       2,
       9,
       6,
       4 ] ] }
finshed  6f32c5c2b1752a95def269b18b91346bc4e507fa
Solution {
  id:
   '1,2:3,6:5,8:9,5:10,8:14,9:15,7:22,4:27,3:28,7:33,5:36,6:44,4:47,8:52,1:53,3:58,2:65,9:66,8:70,3:71,6:75,3:77,6:79,9',
  results:
   [ [ 1,
       2,
       3,
       6,
       7,
       8,
       9,
       4,
       5,
       5,
       8,
       4,
       2,
       3,
       9,
       7,
       6,
       1,
       9,
       6,
       7,
       1,
       4,
       5,
       3,
       2,
       8,
       3,
       7,
       2,
       4,
       6,
       1,
       5,
       8,
       9,
       6,
       9,
       1,
       5,
       8,
       3,
       2,
       7,
       4,
       4,
       5,
       8,
       7,
       9,
       2,
       6,
       1,
       3,
       8,
       3,
       6,
       9,
       2,
       4,
       1,
       5,
       7,
       2,
       1,
       9,
       8,
       5,
       7,
       4,
       3,
       6,
       7,
       4,
       5,
       3,
       1,
       6,
       8,
       9,
       2 ] ] }
finshed  6f32c5c2b1752a95def269b18b91346bc4e507fa
Solution {
  id:
   '1,2:3,6:5,8:9,5:10,8:14,9:15,7:22,4:27,3:28,7:33,5:36,6:44,4:47,8:52,1:53,3:58,2:65,9:66,8:70,3:71,6:75,3:77,6:79,9',
  results:
   [ [ 1,
       2,
       3,
       6,
       7,
       8,
       9,
       4,
       5,
       5,
       8,
       4,
       2,
       3,
       9,
       7,
       6,
       1,
       9,
       6,
       7,
       1,
       4,
       5,
       3,
       2,
       8,
       3,
       7,
       2,
       4,
       6,
       1,
       5,
       8,
       9,
       6,
       9,
       1,
       5,
       8,
       3,
       2,
       7,
       4,
       4,
       5,
       8,
       7,
       9,
       2,
       6,
       1,
       3,
       8,
       3,
       6,
       9,
       2,
       4,
       1,
       5,
       7,
       2,
       1,
       9,
       8,
       5,
       7,
       4,
       3,
       6,
       7,
       4,
       5,
       3,
       1,
       6,
       8,
       9,
       2 ] ] }
finshed  9e720d6f1c7acd685e6b3ca5648e86bc21589a30
Solution {
  id:
   '3,4:4,8:5,9:8,6:9,7:10,3:16,4:23,1:24,2:25,9:26,5:29,7:30,1:31,2:33,6:36,5:39,7:41,3:44,8:47,6:49,9:50,5:51,7:54,9:55,1:56,4:57,6:64,2:70,3:71,7:72,8:75,5:76,1:77,2:80,4',
  results:
   [ [ 1,
       5,
       2,
       4,
       8,
       9,
       3,
       7,
       6,
       7,
       3,
       9,
       2,
       5,
       6,
       8,
       4,
       1,
       4,
       6,
       8,
       3,
       7,
       1,
       2,
       9,
       5,
       3,
       8,
       7,
       1,
       2,
       4,
       6,
       5,
       9,
       5,
       9,
       1,
       7,
       6,
       3,
       4,
       2,
       8,
       2,
       4,
       6,
       8,
       9,
       5,
       7,
       1,
       3,
       9,
       1,
       4,
       6,
       3,
       7,
       5,
       8,
       2,
       6,
       2,
       5,
       9,
       4,
       8,
       1,
       3,
       7,
       8,
       7,
       3,
       5,
       1,
       2,
       9,
       6,
       4 ],
     [ 2,
       5,
       1,
       4,
       8,
       9,
       3,
       7,
       6,
       7,
       3,
       9,
       2,
       5,
       6,
       8,
       4,
       1,
       4,
       6,
       8,
       3,
       7,
       1,
       2,
       9,
       5,
       3,
       8,
       7,
       1,
       2,
       4,
       6,
       5,
       9,
       5,
       9,
       2,
       7,
       6,
       3,
       4,
       1,
       8,
       1,
       4,
       6,
       8,
       9,
       5,
       7,
       2,
       3,
       9,
       1,
       4,
       6,
       3,
       7,
       5,
       8,
       2,
       6,
       2,
       5,
       9,
       4,
       8,
       1,
       3,
       7,
       8,
       7,
       3,
       5,
       1,
       2,
       9,
       6,
       4 ] ] }
